0北门				162	658	162	658	-1	2	-1	-1	1.0	1	0
1学十一公寓东北拐角		93	646	93	646	-1	5	-1	2	1.0	1	0
2学十公寓东北三岔路口		162	646	162	646	0	3	1	-1	1.0	1	0
3学十公寓东门			162	630	150	630	2	4	-1	-1	1.0	1	1
4经管楼西门			162	620	177	620	3	16	-1	-1	1.0	1	1
5学十公寓西门			93	623	97	623	1	9	-1	-1	1.0	1	1
6学六公寓东门			291	617	255	617	-1	11	-1	-1	1.0	1	1
7北邮科技酒店东门			40	615	38	615	-1	-1	-1	8	1.0	1	1
8学十一公寓南门			82	615	82	620	-1	-1	7	9	1.0	1	1
9学十一公寓东南三岔路口		93	615	93	615	5	10	8	-1	1.5	1	0
10教九东门			93	600	88	600	9	19	-1	-1	1.0	1	1
11科研大楼西北三岔路口		291	601	291	601	6	38	-1	12	1.0	1	0
12科研大楼北门			315	601	315	598	-1	-1	11	13	1.0	1	1
13青年教师公寓南门			380	601	380	608	-1	-1	12	14	1.0	1	1
14青年教师公寓东南三岔路口		408	601	408	601	-1	63	13	15	1.0	1	0
15东北门				418	601	418	601	-1	-1	14	-1	1.0	1	1
16学生活动中心西门			162	590	178	590	4	21	-1	-1	1.0	1	1
17学九公寓南门			65	584	65	590	-1	-1	-1	18	1.0	1	1
18留学生公寓北门			68	584	68	578	-1	-1	17	19	1.0	1	1
19留学生公寓东北十字路口		93	584	93	584	10	23	18	20	1.5	1	0
20学十公寓南门			124	584	124	590	-1	-1	19	21	1.0	1	1
21学十公寓东南三岔路口		162	584	162	584	16	24	20	-1	1.0	1	0
22青年公寓东门			34	562	25	562	-1	26	-1	-1	1.0	1	1
23综合食堂西门			93	566	98	566	19	25	-1	-1	1.5	1	1
24综合食堂东门			162	566	150	566	21	28	-1	-1	1.5	1	1
25留学生公寓东门			93	563	88	563	23	27	-1	-1	1.0	1	1
26学五公寓西北三岔路口		34	547	34	547	22	53	-1	27	1.0	1	0
27学五公寓东北十字路口		93	547	93	547	25	41	26	28	1.5	1	0
28学八公寓东北十字路口		162	547	162	547	24	43	27	29	1.5	1	0
29学生活动中心南面三岔路口		197	547	197	547	-1	44	28	30	1.0	1	0
30学生活动中心南门			203	547	203	550	-1	-1	29	31	1.0	1	1
31澡堂南门			235	547	235	552	-1	-1	30	32	1.0	1	1
32学苑超市北门			238	547	238	541	-1	-1	31	33	1.0	1	1
33联通营业厅南门			250	547	250	552	-1	-1	32	34	1.0	1	1
34图片社北门			258	547	258	541	-1	-1	33	35	1.0	1	1
35水房南门			265	547	265	552	-1	-1	34	36	1.0	1	1
36茗香吧北门			275	547	275	541	-1	-1	35	37	1.0	1	1
37锅炉房南门			280	547	280	552	-1	-1	36	38	1.0	1	1
38锅炉房东南三岔路口		291	547	291	547	11	39	37	-1	1.0	1	0
39科研大楼南门			291	546	312	546	38	45	-1	-1	1.0	1	1
40学五公寓南门			65	518	65	523	-1	-1	-1	41	1.0	1	1
41学五公寓东南十字路口		93	518	93	518	27	56	40	42	1.0	1	0
42学八公寓南门			124	518	124	523	-1	-1	41	43	1.0	1	1
43学八公寓东南三岔路口		162	518	162	518	28	47	42	-1	1.0	1	0
44MAAN咖啡西门			197	523	216	523	29	46	-1	-1	1.0	1	1
45教工餐厅东门			291	521	285	521	39	48	-1	-1	1.0	1	1
46心理健康中心西门			197	512	216	512	44	50	-1	-1	1.0	1	1
47主干道大电视			162	502	141	502	43	49	-1	-1	1.0	1	1
48学生食堂西门			291	501	297 	501	45	52	-1	-1	1.5	1	1
49小松林西北三岔路口		162	495	162	495	47	58	-1	50	1.0	1	0
50小松林北面三岔路口		197	495	197	495	46	-1	49	51	1.0	1	0
51学苑书屋南门			265	495	265	502	-1	-1	50	52	1.0	1	1
52图书馆东北三岔路口		291	495	291	495	48	59	51	-1	1.5	1	0
53学十三公寓东门			34	490	25	490	26	54	-1	-1	1.0	1	1
54学三公寓西北三岔路口		34	487	34	487	53	66	-1	55	1.0	1	0
55学三公寓北门			65	487	65	483	-1	-1	54	56	1.0	1	1
56学三公寓东北十字路口		93	487	93	486	41	70	55	57	1.0	1	0
57学四公寓北门			124	487	124	483	-1	-1	56	58	1.0	1	1
58学四公寓东北三岔路口		162	487	162	487	49	64	57	-1	1.0	1	0
59学生食堂西南三岔路口		291	482	291	482	52	65	-1	60	1.5	1	0
60学生食堂南门			311	482	311	488	-1	-1	59	61	1.5	1	1
61学29公寓西北三岔路口		370	482	370	482	-1	77	60	62	1.0	1	0
62保卫处南门			386	482	386	489	-1	-1	61	63	1.0	1	1
63保卫基建处东南拐角		408	482	408	482	14	-1	62	-1	1.0	1	0
64图书馆西门			162	452	228	452	58	72	-1	-1	1.0	1	1
65篮球场西门			291	430	297	430	59	74	-1	-1	1.0	1	1
66商店泵房东门			34	428	25	428	54	67	-1	-1	1.0	1	1
67鸿通楼东门			34	412	25	412	66	68	-1	-1	1.0	1	1
68教四楼西北三岔路口		34	405	34	405	67	83	-1	69	1.0	1	0
69学一公寓南门			67	405	67	415	-1	-1	68	70	1.0	1	1
70学一公寓东南三岔路口		93	405	93	405	56	-1	69	71	1.0	1	0
71学二公寓南门			124	405	124	415	-1	-1	70	72	1.0	1	1
72教四楼东北十字路口		162	405	162	405	64	82	71	73	1.0	1	0
73行政办公楼北门			233	405	233	401	-1	-1	72	74	1.0	1	1
74图书馆东南十字路口		291	405	291	405	65	88	73	75	1.0	0	0
75体育馆西北三岔路口		345	405	345	405	-1	86	74	76	1.0	0	0
76网球场南门			348	405	348	415	-1	-1	75	77	1.0	0	1
77学29公寓西南三岔路口		370	405	370	405	61	-1	76	78	1.0	0	0
78体育馆北门			371	405	371	398	-1	-1	77	79	1.0	0	1
79学29公寓南门			391	405	391	415	-1	-1	78	80	1.0	0	1
80游泳馆北门			398	405	398	398	-1	-1	79	81	1.0	0	1
81东门				418	405	418	405	-1	-1	80	-1	1.0	0	1
82财务后勤楼西门			162	388	174	388	72	85	-1	-1	1.0	1	1
83邮局-ATM东门			34	370	25	370	68	84	-1	-1	1.0	1	1
84教四楼西门			34	360	41	360	83	89	-1	-1	1.0	1	1
85教四楼东门			162	360	149	360	82	87	-1	-1	1.0	1	1
86体育馆西门			345	360	352	360	75	95	-1	-1	1.0	0	1
87教一楼西门			162	350	174	350	85	91	-1	-1	1.0	1	1
88教一楼东门			291	342	283	342	74	93	-1	-1	1.0	1	1
89教四楼西南三岔路口		34	322	34	322	84	96	-1	90	1.0	1	0
90教四楼南门			95	322	95	347	-1	-1	89	91	1.0	1	1
91教四楼东南十字路口		162	322	162	320	87	97	90	92	1.0	1	0
92教一楼南门			228	322	228	332	-1	-1	91	93	1.0	1	1
93科学会堂西北十字路口		291	322	291	322	88	100	92	94	1.0	1	0
94科学会堂北门			321	322	321	312	-1	-1	93	95	1.0	1	1
95科学会堂东北三岔路口		345	322	345	322	86	101	94	-1	1.0	0	0
96移动营业厅东门			34	315	25	315	89	99	-1	-1	1.0	1	1
97主楼西门			162	280	237	280	91	104	-1	-1	1.0	1	1
98西门				2	270	2	270	-1	-1	-1	99	1.0	1	1
99西门进校三岔路口			34	270	34	270	96	102	98	-1	1.0	1	0
100科学会堂西门			291	272	298	272	93	107	-1	-1	1.0	1	1
101体育场西门			345	258	355	258	95	108	-1	-1	1.0	0	1
102教三楼西北三岔路口		34	235	34	235	99	109	-1	103	1.0	1	0
103教三楼北门			95	235	95	228	-1	-1	102	104	1.0	1	1
104教三楼东北十字路口		162	235	162	235	97	111	103	105	1.0	1	0
105教二楼北门			227	235	227	214	-1	-1	104	106	1.0	1	1
106教二楼东北三岔路口		283	235	283	235	-1	112	105	107	1.0	1	0
107科学会堂西南三岔路口		291	235	291	235	100	-1	106	108	1.0	1	0
108科学会堂东南三岔路口		345	235	345	235	101	119	107	-1	1.0	0	0
109停车坪东门			34	225	27	225	102	110	-1	-1	1.0	1	1
110教三楼西门			34	200	40	200	109	114	-1	-1	1.0	1	1
111教三楼东门			162	200	150	200	104	113	-1	-1	1.0	1	1
112教二楼东门			283	198	278	198	106	117	-1	-1	1.0	1	1
113教二楼西门			162	197	176	197	111	116	-1	-1	1.0	1	1
114校车车库东门			34	180	27	180	110	115	-1	-1	1.0	1	1
115教三楼西南拐角			34	160	34	160	114	-1	-1	116	1.0	1	0
116教三楼东南十字路口		162	160	162	160	113	120	115	117	1.0	1	0
117教二楼东南三岔路口		283	160	283	160	112	-1	116	118	1.0	1	0
118创新中心南门			317	160	317	168	-1	-1	117	119	1.0	1	1
119创新中心东南拐角		345	160	345	160	108	-1	118	-1	1.0	0	0
120中门邮局西门			162	148	172	148	116	121	-1	-1	1.0	1	1
121中门				162	135	162	135	120	124	-1	-1	1.0	1	1
122零一时光咖啡北门		65	125	65	118	-1	-1	-1	123	1.0	1	1
123校医院南门			132	125	132	132	-1	-1	122	124	1.0	1	1
124校医院东南十字路口		162	125	162	125	121	126	123	125	1.0	1	0
125中门往全民健身第一个拐角		357	125	357	125	-1	127	124	-1	1.0	1	0
126南区超市东门			162	108	148	108	124	129	-1	-1	1.0	1	1
127中门往全民健身第二个拐角		357	98	357	98	125	-1	-1	128	1.0	1	0
128明光楼出版社北门		386	98	386	93	-1	-1	127	-1	1.0	1	1
129南门往北第二个拐角		162	37	162	37	126	-1	-1	130	1.0	1	0
130南门往北第一个拐角		223	37	223	37	-1	131	129	-1	1.0	1	0
131南门				223	0	223	0	130	-1	-1	-1	1.0	1	1
132运动东北拐角			145	325	145	325	-1  	138   	-1  	133	1.0	0	0
133学生公寓D2-E区北门		195	325	195	320	-1   	-1  	132  	134	1.0	1	1
134教工食堂西北三岔路口		220	325	220	325	-1  	139  	133  	135	1.5	1	0
135教工食堂东北三岔路口		281	325	281	325	-1  	142  	134  	136	1.5	1	0
136综合办公楼东北拐角		348	325	348	325	-1  	145  	135   	-1	1.0	1	0
137东配楼东门			475	290	461	290	-1  	161   	-1   	-1	1.0	1	1
138运动场东面三岔路口		145	275	145	275	132  	147   	-1  	139	1.0	0	0
139教工食堂西南十字路口		220	275	220	275	134  	154  	138  	140	1.5	1	0
140教工食堂南门			250	275	250	281	-1   	-1  	139  	141	1.5	1	1
141学生食堂北门			255	275	255	269	-1   	-1  	140  	142	1.5	1	1
142综合办公楼西南十字路口		281	275	281	275	135  	146  	141  	143	1.5	1	0
143综合办公楼南门			310	275	310	281	-1   	-1  	142  	144	1.0	1	1
144学生活动中心北门		315	275	315	269	-1   	-1  	143  	145	1.0	1	1
145综合办公楼东南三岔路口		348	275	348	275	136  	157  	144   	-1	1.0	1	0
146超市西门			281	252	289	252	142  	148   	-1   	-1	1.0	1	1
147运动场东门			145	240	133	240	138  	152   	-1   	-1	1.0	1	1
148运营商-邮局ATM西门		281	235	289	235 	146  	156   	-1   	-1	1.0	1	1
149西门				2	200	2	200	-1   	-1   	-1  	150	1.0	0	1
150西门快递站南门			15	200	15	213	-1   	-1  	149  	151	1.0	0	1
151西门基建处南门			25	200	25	213	-1   	-1  	150  	152	1.0	0	1
152运动场东南十字路口		145	200	145	200	147  	177  	151  	153	1.0	0	0
153学生公寓ABCD1区南门		195	200	195	230	-1   	-1  	152  	154	1.0	1	1
154公共教学楼西北十字路口		220	200	220	200	139  	164  	153  	155	1.5	1	0
155公共教学楼北门			275	200	275	187	-1   	-1  	154  	156	1.0	1	1
156公共教学楼北面三岔路口		281	200	281	200	148   	-1  	155  	157	1.5	1	0
157公共教学楼东北十字路口		348	200	348	200	145  	165  	156  	158	1.0	1	0
158教学实验综合楼北门		410	200	410	190	-1   	-1  	157  	159	1.0	1	1
159图书馆南门			415	200	415	220	-1   	-1  	158  	160	1.0	1	1
160图书馆咖啡厅南门		428	200	428	220	-1   	-1  	159  	161	1.0	1	1
161图书楼东南十字路口		475	200	475	200	137  	168  	160  	162	1.0	1	0
162北学院楼南门			500	200	500	220	-1   	-1  	161  	163	1.0	1	1
163S1教室楼北门			525	200	525	190	-1   	-1  	162   	-1	1.0	1	1
164信息楼S1-S5区东门		220	164	208	164	154  	166   	-1   	-1	1.0	1	1
165报告厅-校车处西门		348	157	399	157	157  	167   	-1   	-1	1.0	1	1
166公共教学楼西南三岔路口		220	115	220	115	164  	170   	-1  	167	1.0	1	0
167公共教学楼东南十字路口		348	115	348	115	165  	173  	166  	168	1.0	1	0
168实验综合楼东南三岔路口		475	115	475	115	161  	169  	167   	-1	1.0	1	0
169S2、S3教室楼西门		475	100	495	100	168  	174   	-1   	-1	1.0	1	1
170南区食堂西北三岔路口		220	72	220	72	166  	176   	-1  	171	1.0	1	0
171南区食堂北门			260	72	260	65	-1   	-1  	170  	172	1.0	1	1
172南区食堂东北三岔路口		300	72	300	72	-1  	179  	171  	173	1.0	1	0
173南门向北第一个十字路口		348	72	348	72	167  	180  	172  	174	1.0	1	0
174南学院楼西北十字路口		475	72	475	72	169   	-1  	173  	175	1.0	1	0
175南学院楼北门			525	72	525	38	-1   	-1  	174   	-1	1.0	1	1
176Ⅲ区宿舍楼东门			220	50	185	50	170  	178   	-1   	-1	1.0	1	1
177Ⅲ区宿舍楼西南拐角		145	14	145	14	152   	-1   	-1  	178	1.0	1	0
178南区食堂西南三岔路口		220	14	220	14	176   	-1  	177  	179	1.0	1	0
179南区食堂东南拐角		300	14	300	14	172   	-1  	178   	-1	1.0	1	0
180南门				348	4	348	4	173   	-1   	-1   	-1	1.0	1	1



本部
左下角坐标0-0坐标对应20-675

实际绘图像素点 = （20 + x， 675 - y）

沙河
左下角坐标0-0对应0-339

实际绘图像素点= （x， 339 - y）